03 00 00 00 20 13 08 41 69 AF 00 00 00 00 00 C0 41 00 00 FC E2 A5 4A 00 00 00 00 14 00 00 00 F0 33 08 01 00 00 00 00 CA EF 7C 12 00 00 00 00 C0 41 00 00 CA EF 7C 12 00 00 00 00 C0 41 00 00 BF B8 7E 4A 00 00 00 00 26 00 00 00 00 35 08 01 00 00 00 00 CB EF 7C 12 00 00 00 00 14 81 00 00 00 00 00 00 6F D4 5D 49 00 00 00 00 14 00 00 00 00 00 CB EF 7C 12 00 00 00 00 14 81 00 00 6F D4 5D 49 00 00 00 00 14 00 00 00 00 00 00 00 
23 00 00 00 20 36 08 01 00 00 00 00 CC EF 7C 12 00 00 00 00 A4 81 00 00 00 00 00 00 D9 41 40 4A 00 00 00 00 1F 00 00 CC EF 7C 12 00 00 00 00 A4 81 00 00 D9 41 40 4A 00 00 00 00 1F 00 00 00 00 00 00 00 
19 00 00 00 40 37 08 01 00 00 00 00 CD EF 7C 12 00 00 00 00 24 81 00 00 00 00 00 00 9F CD EF 7C 12 00 00 00 00 24 81 00 00 9F 45 9E 49 00 00 00 00 2B 00 00 00 00 00 00 00 
22 00 00 00 60 38 08 01 00 00 00 00 CE EF 7C 12 00 00 00 00 C4 81 00 00 00 00 00 00 0E 8F E5 4A 00 00 00 00 28 00 CE EF 7C 12 00 00 00 00 C4 81 00 00 0E 8F E5 4A 00 00 00 00 28 00 00 00 00 00 00 00 
23 00 00 00 80 39 08 01 00 00 00 00 D1 EF 7C 12 00 00 00 00 44 81 00 00 00 00 00 00 E3 E5 B6 4A 00 00 00 00 1D 00 00 D1 EF 7C 12 00 00 00 00 44 81 00 00 E3 E5 B6 4A 00 00 00 00 1D 00 00 00 00 00 00 00 
1B 00 00 00 A0 3A 08 01 00 00 00 00 3E 55 8C 12 00 00 00 00 84 81 00 00 00 00 00 00 E5 62 6D 3E 55 8C 12 00 00 00 00 84 81 00 00 E5 62 6D 4A 00 00 00 00 0B 00 00 00 00 00 00 00 
1D 00 00 00 C0 3B 08 01 00 00 00 00 DF D8 0B 01 00 00 00 00 D4 81 00 00 00 00 00 00 72 CB 8C 4A 00 DF D8 0B 01 00 00 00 00 D4 81 00 00 72 CB 8C 4A 00 00 00 00 23 00 00 00 00 00 00 00 
26 00 00 00 E0 3C 08 01 00 00 00 00 40 55 8C 12 00 00 00 00 0D 81 00 00 00 00 00 00 08 9A 1F 4B 00 00 00 00 20 00 00 00 00 00 40 55 8C 12 00 00 00 00 0D 81 00 00 08 9A 1F 4B 00 00 00 00 20 00 00 00 00 00 00 00 
1A 00 00 00 00 3E 08 01 00 00 00 00 00 00 00 00 00 00 00 00 14 81 00 00 00 00 00 00 00 00 00 00 00 00 00 00 00 00 14 00 00 00 00 00 00 00 

13 00 00 00 90 3E 08 01 00 00 00 00 42 69 AF 00 00 00 00 00 04 81 00 42 69 AF 00 00 00 00 00 04 81 00 00 F7 A7 31 4B 00 00 00 00 25 00 00 00 00 00 00 00 
0D 00 00 00 90 3F 08 01 00 00 00 00 E8 7B FF 00 00 E8 7B FF 00 00 00 00 00 A4 81 00 00 49 33 2B 4A 00 00 00 00 13 00 00 00 00 00 00 00 
0E 00 00 00 90 40 08 01 00 00 00 00 08 F6 0B 22 00 00 08 F6 0B 22 00 00 00 00 C0 41 00 00 08 C1 16 4B 00 00 00 00 20 00 00 00 A0 41 08 01 00 00 00 00 17 20 5E 23 00 00 00 00 44 81 00 00 00 00 00 00 4E 7D D4 4A 00 00 00 00 17 20 5E 23 00 00 00 00 44 81 00 00 4E 7D D4 4A 00 00 00 00 4D 00 00 00 00 00 00 00 

0C 00 00 00 B0 42 08 01 00 00 00 00 00 00 00 00 00 00 00 00 00 00 00 00 23 00 00 00 00 00 00 00 
0B 00 00 00 30 43 08 01 00 00 00 00 C2 CE 13 C2 CE 13 32 00 00 00 00 C0 41 00 00 70 15 08 4B 00 00 00 00 1C 00 00 00 40 44 08 01 00 00 00 00 85 32 73 32 00 00 00 00 4C 81 00 00 00 00 00 00 E3 67 62 4A 85 32 73 32 00 00 00 00 4C 81 00 00 E3 67 62 4A 00 00 00 00 1A 00 00 00 00 00 00 00 
13 00 00 00 50 45 08 01 00 00 00 00 8B 32 73 32 00 00 00 00 05 81 00 8B 32 73 32 00 00 00 00 05 81 00 00 7C FA 09 4A 00 00 00 00 15 00 00 00 00 00 00 00 
10 00 00 00 50 46 08 01 00 00 00 00 8C 32 73 32 00 00 00 00 8C 32 73 32 00 00 00 00 25 81 00 00 8C D3 53 4A 00 00 00 00 3B 00 00 00 00 00 00 00 
14 00 00 00 50 47 08 01 00 00 00 00 98 32 73 32 00 00 00 00 0C 81 00 00 98 32 73 32 00 00 00 00 0C 81 00 00 E8 1A 40 4A 00 00 00 00 1F 00 00 00 00 00 00 00 
18 00 00 00 60 48 08 01 00 00 00 00 16 CE A7 32 00 00 00 00 5C 81 00 00 00 00 00 00 16 CE A7 32 00 00 00 00 5C 81 00 00 8F 5A 00 4A 00 00 00 00 2C 00 00 00 00 00 00 00 
1B 00 00 00 80 49 08 01 00 00 00 00 17 CE A7 32 00 00 00 00 14 81 00 00 00 00 00 00 EC EE DB 17 CE A7 32 00 00 00 00 14 81 00 00 EC EE DB 4A 00 00 00 00 43 00 00 00 00 00 00 00 
16 00 00 00 90 4A 08 01 00 00 00 00 C8 5F BB 32 00 00 00 00 15 81 00 00 00 00 C8 5F BB 32 00 00 00 00 15 81 00 00 1F A8 3C 4A 00 00 00 00 22 00 00 00 00 00 00 00 
1A 00 00 00 A0 4B 08 01 00 00 00 00 0A 09 CB 32 00 00 00 00 34 81 00 00 00 00 00 00 EF DC 0A 09 CB 32 00 00 00 00 34 81 00 00 EF DC DB 49 00 00 00 00 41 00 00 00 00 00 00 00 
1C 00 00 00 C0 4C 08 01 00 00 00 00 00 00 00 00 00 00 00 00 A4 81 00 00 00 00 00 00 00 00 00 00 00 00 00 00 00 00 00 00 1F 00 00 00 00 00 00 00 
1A 00 00 00 60 4D 08 01 00 00 00 00 00 00 00 00 00 00 00 00 A4 81 00 00 00 00 00 00 00 00 00 00 00 00 00 00 00 00 1F 00 00 00 00 00 00 00 
10 00 00 00 F0 4D 08 01 00 00 00 00 00 00 00 00 00 00 00 00 00 00 00 00 00 00 00 00 41 00 00 00 00 00 00 00 
15 00 00 00 70 4E 08 01 00 00 00 00 00 00 00 00 00 00 00 00 0D 81 00 00 00 00 00 00 00 00 00 00 00 20 00 00 00 00 00 00 00 
14 00 00 00 F0 4E 08 01 00 00 00 00 00 00 00 00 00 00 00 00 C4 81 00 00 00 00 00 00 00 00 00 00 28 00 00 00 00 00 00 00 
11 00 00 00 70 4F 08 01 00 00 00 00 5E 35 61 01 00 00 00 00 55 5E 35 61 01 00 00 00 00 55 81 00 00 DA A0 41 4A 00 00 00 00 04 00 00 00 00 00 00 00 

0A 00 00 00 70 50 08 01 00 00 00 00 E1 D8 E1 D8 0B 01 00 00 00 00 C0 41 00 00 05 7C EC 4A 00 00 00 00 15 00 00 00 70 51 08 01 00 00 00 00 00 00 00 00 00 00 00 00 C4 81 00 00 00 00 00 00 00 00 00 00 00 28 00 00 00 00 00 00 00 

08 00 00 00 F0 51 08 01 00 00 00 00 00 00 00 00 00 00 00 00 04 00 00 00 00 00 00 00 
0B 00 00 00 70 52 08 01 00 00 00 00 3F 55 8C 3F 55 8C 12 00 00 00 00 C0 41 00 00 BD 99 9A 49 00 00 00 00 1D 00 00 00 80 53 08 01 00 00 00 00 00 00 00 00 00 00 00 00 0D 81 00 00 00 00 00 00 00 00 00 00 00 00 00 00 00 00 00 00 00 20 00 00 00 00 00 00 00 
1C 00 00 00 20 54 08 01 00 00 00 00 41 55 8C 12 00 00 00 00 9C 81 00 00 00 00 00 00 3D 45 8C 4A 41 55 8C 12 00 00 00 00 9C 81 00 00 3D 45 8C 4A 00 00 00 00 14 00 00 00 00 00 00 00 
12 00 00 00 30 55 08 01 00 00 00 00 42 55 8C 12 00 00 00 00 15 81 42 55 8C 12 00 00 00 00 15 81 00 00 59 5C 30 4B 00 00 00 00 3F 00 00 00 00 00 00 00 
19 00 00 00 40 56 08 01 00 00 00 00 00 00 00 00 00 00 00 00 14 81 00 00 00 00 00 00 00 00 00 00 00 00 00 00 00 14 00 00 00 00 00 00 00 
19 00 00 00 E0 56 08 01 00 00 00 00 00 00 00 00 00 00 00 00 C4 81 00 00 00 00 00 00 00 00 00 00 00 00 00 00 00 28 00 00 00 00 00 00 00 
10 00 00 00 70 57 08 01 00 00 00 00 00 00 00 00 00 00 00 00 00 00 00 00 00 00 00 00 43 00 00 00 00 00 00 00 
18 00 00 00 00 58 08 01 00 00 00 00 00 00 00 00 00 00 00 00 44 81 00 00 00 00 00 00 00 00 00 00 00 00 00 00 1D 00 00 00 00 00 00 00 

08 00 00 00 90 58 08 01 00 00 00 00 D6 48 5D 23 00 00 00 00 C0 41 00 00 55 85 16 4A 00 00 00 00 18 00 00 00 A0 59 08 01 00 00 00 00 B4 9B 5D 23 00 00 00 00 05 81 00 00 00 00 00 00 B4 9B 5D 23 00 00 00 00 05 81 00 00 E6 95 33 4B 00 00 00 00 2C 00 00 00 00 00 00 00 
0C 00 00 00 B0 5A 08 01 00 00 00 00 5F 03 5E 23 5F 03 5E 23 00 00 00 00 14 81 00 00 B1 BA 81 49 00 00 00 00 28 00 00 00 00 00 00 00 
0E 00 00 00 B0 5B 08 01 00 00 00 00 00 00 00 00 00 00 00 00 00 00 00 00 00 00 4D 00 00 00 00 00 00 00 
1A 00 00 00 40 5C 08 01 00 00 00 00 00 00 00 00 00 00 00 00 25 81 00 00 00 00 00 00 00 00 00 00 00 00 00 00 00 00 3B 00 00 00 00 00 00 00 

07 00 00 00 D0 5C 08 01 00 00 00 25 40 61 01 00 00 00 00 7C 81 00 00 FC 65 73 4A 00 00 00 00 16 00 00 00 00 00 00 00 
08 00 00 00 D0 5D 08 01 00 00 00 00 00 00 00 00 00 00 00 00 20 00 00 00 00 00 00 00 
0D 00 00 00 50 5E 08 01 00 00 00 00 00 00 00 00 00 00 00 00 00 00 00 00 00 4D 00 00 00 00 00 00 00 
12 00 00 00 D0 5E 08 01 00 00 00 00 00 00 00 00 00 00 00 00 0D 81 00 00 00 00 00 00 00 00 20 00 00 00 00 00 00 00 
13 00 00 00 50 5F 08 01 00 00 00 00 00 00 00 00 00 00 00 00 34 81 00 00 00 00 00 00 00 00 00 41 00 00 00 00 00 00 00 

